1469145381 3176092 17562344 634435007
LTC: 1469574638 3185676 643589454 17590523 
LTC: 1469648346 3193227 646483893 17599691 
LTC: 1469648346 3193244 646489051 17599722 
LTC: 1469648346 3193246 646489117 17599724 
LTC: 1469648346 3193341 646493735 17599735 
LTC: 1469764569 3196892 648452854 17604571 
LTC: 1469764569 3196898 648453521 17604588 
LTC: 1469963679 3200318 652851189 17622022 
LTC: 1469963679 3200320 652851279 17622023 
LTC: 1469963679 3200322 652851363 17622024 
LTC: 1469963679 3200323 652851437 17622026 
LTC: 1469963679 3200325 652851513 17622029 
LTC: 1469963679 3200326 652851557 17622033 
LTC: 1469963679 3200327 652851605 17622034 
LTC: 1469963679 3200328 652851700 17622037 
LTC: 1469963679 3200331 652851806 17622043 
BTC: 1469973412 3203514 17626162 654196837 
BTC: 1469973412 3203515 17626164 654196940 
LTC: 1469973412 3204224 654806660 17628498 
LTC: 1469973412 3204234 654887453 {u'message': u'Insufficient balance', u'code': -32003, u'data': {}} 
LTC: 1469973412 {u'message': u'Insufficient balance', u'code': -32004, u'data': {}} 654887505 17628829 
LTC: 1469973412 3204238 654887547 17628834 
LTC: 1469973412 3204240 654887581 17628840 
LTC: 1469973412 3204242 654887620 17628845 
LTC: 1469973412 3204244 654887662 17628852 
LTC: 1469973412 3204246 654887717 17628858 
LTC: 1469973412 3204248 654887742 17628864 
LTC: 1469973412 3204251 654887807 17628868 
LTC: 1469973412 3204253 654887838 17628871 
LTC: 1469973412 3204255 654887881 17628876 
LTC: 1469973412 3204257 654887939 17628880 
LTC: 1469973412 3204258 654887976 17628883 
LTC: 1469973412 3204259 654888006 17628886 
LTC: 1469973412 3204260 654888052 17628888 
LTC: 1469973412 3204263 654888081 17628891 
LTC: 1469973412 3204264 654888143 17628896 
LTC: 1469973412 3204265 654888204 17628900 
LTC: 1469973412 3204267 654888258 17628904 
LTC: 1469973412 3204269 654888330 17628907 
LTC: 1469973412 3204274 654890614 17628919 
LTC: 1469973412 3204275 654890662 17628923 
LTC: 1470106666 3209656 656735152 {u'message': u'Insufficient balance', u'code': -32003, u'data': {}} 
LTC: 1470106666 {u'message': u'Insufficient balance', u'code': -32004, u'data': {}} 656735203 17634944 
LTC: 1470106666 3209658 656735334 17634947 
LTC: 1470106666 3209661 656735525 17634955 
LTC: 1470106666 3209663 656735619 17634957 
LTC: 1470106666 3209665 656735900 17634965 
LTC: 1470106666 3209669 656736548 17634976 
LTC: 1470106666 {u'message': u'Insufficient balance', u'code': -32004, u'data': {}} 656736623 17634982 
LTC: 1470106666 3209670 656736694 17634985 
LTC: 1470106666 3209698 656743779 17635204 
BTC: 1470106666 3209719 17635667 656774976 
LTC: 1470106666 3209721 656775073 17635679 
LTC: 1470106666 3209723 656775107 17635682 
LTC: 1470372195 3225830 665351667 17680231 
LTC: 1470372195 3225887 665359898 17680277 
LTC: 1470372195 3242831 668172869 17689013 
LTC: 1471104016 3282546 682219636 17749909 
LTC: 1471104016 3282547 682236630 17749922 
BTC: 1471104016 3283460 17750910 683029184 
LTC: 1471744968 3286953 698540882 17814790 
LTC: 1471914630 3287304 698620375 17815709 
BTC: 1471914630 3287812 17817326 {u'message': u'Insufficient balance', u'code': -32003, u'data': {}} 
BTC: 1471914630 3288137 17822200 699362916 
BTC: 1471914630 3288203 17822770 699384482 
BTC: 1471914630 3288215 17822808 699385648 
BTC: 1471914630 3288221 17822830 699386538 
BTC: 1471914630 3288225 17822851 {u'message': u'Insufficient balance', u'code': -32003, u'data': {}} 
BTC: 1471914630 3288228 17822862 699386840 
BTC: 1471914630 3288230 17822868 699386886 
BTC: 1471955884 3288276 17823052 699394988 
BTC: 1471955884 3288311 17823233 699401294 
BTC: 1471956621 3288339 17823336 699404940 
BTC: 1471956621 3288358 17823410 699407050 
BTC: 1471956621 3288360 17823414 699407122 
LTC: 1471956621 3288413 699418917 17823687 
BTC: 1471958184 3289516 17826631 699673100 
BTC: 1471958184 3289519 17826664 699673616 
BTC: 1471958184 3289520 17826665 699673680 
BTC: 1471958184 3289521 17826668 699673745 
BTC: 1471969788 3289549 17826883 699682116 
LTC: 1471969788 3293468 700340948 17836284 
LTC: 1471969788 3293471 700340994 17836286 
LTC: 1471969788 {u'message': u'Insufficient balance', u'code': -32004, u'data': {}} 700341050 17836291 
LTC: 1471969788 3293472 700341094 17836292 
LTC: 1471969788 3293475 700341127 17836294 
LTC: 1472004639 {u'message': u'Insufficient balance', u'code': -32004, u'data': {}} 700344184 17836319 
LTC: 1472004639 3293488 700344242 17836320 
LTC: 1472004639 3293489 700344272 17836322 
LTC: 1472004639 3293491 700344304 17836323 
LTC: 1472004639 3293493 700344342 17836325 
LTC: 1472004639 3293495 700344391 17836327 
LTC: 1472004639 3293497 700344410 17836329 
